x,y,label
664159,550946,1
665845,557965,1
597173,575538,1
618600,551446,1
635690,608046,1
588100,557588,1
582015,546191,1
604678,574577,1
572029,518313,1
604737,574591,1
577728,587566,1
602013,574722,1
627968,574625,1
607269,536961,1
603145,574795,1
671919,571761,1
612184,570393,1
600032,575310,1
627912,593892,1
601967,604428,1
591851,569051,1
601444,572693,1
629718,558104,1
661430,603567,1
597551,556737,1
601182,582584,1
562704,570596,1
605107,563429,1
607214,575069,1
568824,570203,1
612485,518009,1
589244,573777,1
625579,551084,1
560237,500154,1
626224,569687,1
610666,551701,1
597428,569940,1
600582,599535,1
604168,555003,1
613871,550423,1
617310,551945,1
625728,579460,1
606300,566708,1
638559,558807,1
582176,630383,1
544056,577786,1
631297,578351,1
561574,621747,1
604973,574773,1
605284,556134,1
617910,592293,1
555904,640401,1
526559,509417,1
603849,572396,1
598634,619900,1
603359,589262,1
657455,567754,1
614279,599251,1
578496,631434,1
645171,595209,1
688015,533535,1
656477,573007,1
540029,563888,1
597418,538362,1
613545,574733,1
628696,542447,1
604157,574191,1
603126,497987,1
605850,533310,1
596179,529556,1
610330,552628,1
598184,531473,1
620438,511694,1
600202,622079,1
603021,577991,1
515612,540643,1
606548,574376,1
593490,623110,1
607084,595500,1
583728,563146,1
616044,533807,1
624452,584622,1
604438,574666,1
625709,660145,1
601376,579831,1
565148,557305,1
639418,537903,1
612799,537497,1
583653,652182,1
599808,596484,1
605250,573272,1
606738,601356,1
611044,571814,1
575440,568511,1
616329,529516,1
605927,572533,1
609286,586782,1
647354,579190,1
606929,571420,1
562920,559223,1
680357,620811,1
707100,601463,1
604294,574368,1
614917,600946,1
611508,503220,1
603789,574474,1
551740,588768,1
546031,570429,1
569197,559307,1
688712,568754,1
604067,574091,1
606809,572101,1
588597,622592,1
613840,534167,1
576263,547239,1
597077,568196,1
601339,571609,1
606011,569426,1
593398,559764,1
593166,622725,1
609796,532982,1
712648,607541,1
585048,505097,1
525967,565687,1
660327,585901,1
607604,573951,1
604001,573587,1
591484,571087,1
613868,585089,1
645464,660478,1
538571,654649,1
555429,604551,1
597620,586226,1
586097,567445,1
545235,539822,1
649088,575733,1
599123,616977,1
563763,559454,1
617717,613939,1
618869,577243,1
567188,560044,1
636628,533309,1
560362,567914,1
595014,632844,1
605876,550640,1
604352,573425,1
600679,599545,1
596891,579476,1
614943,540976,1
604415,571400,1
603698,573585,1
658199,568743,1
598759,582942,1
671269,590258,1
593317,534085,1
657985,453405,1
608557,590278,1
623004,508050,1
601900,569391,1
641031,593074,1
589658,640498,1
567565,573952,1
559078,570088,1
639431,588155,1
566609,537592,1
568570,579335,1
660650,615038,1
667639,571164,1
596796,529933,1
606111,617846,1
616060,590779,1
602873,527864,1
571334,594145,1
602167,543919,1
605100,573307,1
546640,560043,1
585195,555011,1
651740,589474,1
589112,536573,1
582057,543124,1
690968,555952,1
609030,552436,1
632125,541413,1
603445,630598,1
628264,616214,1
577242,574073,1
604090,574392,1
607911,576556,1
600665,638890,1
600117,539079,1
631182,565466,1
695646,652231,1
619445,567491,1
613191,571942,1
567428,580005,1
590583,623314,1
606289,670243,1
585175,574133,1
634967,579020,1
614615,574437,1
593061,579188,1
606933,576409,1
606587,573873,1
594084,629464,1
683697,581516,1
601530,577183,1
603055,589818,1
616561,619007,1
607463,477085,1
611581,572630,1
579712,568354,1
602887,595245,1
600039,557139,1
605913,579526,1
579773,568698,1
606324,544357,1
605958,573728,1
606144,575076,1
667472,570571,1
580048,565009,1
597802,576113,1
610263,574422,1
603855,575180,1
624369,532153,1
599870,591110,1
577167,617095,1
658403,611332,1
563460,480559,1
610980,522819,1
569422,567790,1
627727,578737,1
592804,584539,1
540783,626497,1
591823,639096,1
637323,549567,1
638078,629421,1
611315,560757,1
647103,573853,1
522993,595581,1
601187,531825,1
533799,564377,1
649034,528813,1
620975,564344,1
622407,583192,1
597026,642918,1
551291,576721,1
608768,610525,1
697959,614701,1
658281,582264,1
546632,599204,1
672565,564468,1
636500,587401,1
696144,548705,1
533551,582247,1
526802,551524,1
553038,606418,1
696601,603624,1
588964,597435,1
716139,621721,1
608529,586311,1
557378,567033,1
589994,610890,1
589344,563119,1
624415,515911,1
565483,551512,1
584895,574666,1
582777,542670,1
639394,576728,1
608298,573748,1
663578,586265,1
628080,562986,1
597421,554767,1
595193,576508,1
658103,572250,1
659529,498474,1
606415,581386,1
641976,577433,1
587466,564953,1
589180,595099,1
601885,573083,1
580561,528916,1
621726,578003,1
558817,576255,1
620213,574468,1
594010,570095,1
541976,512639,1
593840,578685,1
602667,575857,1
631446,561156,1
596481,567449,1
611318,581584,1
568546,564911,1
593865,572987,1
597017,575588,1
578804,573582,1
673750,594081,1
592714,553958,1
594029,586701,1
668502,563937,1
629533,537542,1
801539,318482,1
801667,318542,1
814045,332998,1
800479,321640,1
757470,224976,1
844536,424646,1
797105,316002,1
779956,271501,1
797205,313318,1
801323,316240,1
783666,262902,1
806131,312752,1
830658,368694,1
802482,335269,1
801910,325434,1
808062,337340,1
789833,304422,1
803603,327255,1
800865,312968,1
802237,318526,1
803959,315173,1
800123,312312,1
780927,285057,1
797242,324588,1
801551,320544,1
809182,319115,1
801931,317202,1
870801,476330,1
820327,352701,1
801093,317509,1
798523,324500,1
805237,318655,1
803375,311620,1
801441,323812,1
797313,317527,1
788220,301915,1
790395,300024,1
817135,349925,1
797787,301470,1
804630,332333,1
808710,330379,1
802111,320817,1
796375,309563,1
819768,346596,1
814605,354382,1
800565,319364,1
802089,313456,1
814401,341234,1
796609,319691,1
776131,248465,1
803464,329093,1
802646,317894,1
809550,327365,1
795322,311178,1
830450,393096,1
778414,260729,1
800041,318331,1
802814,320130,1
802738,312234,1
823913,369439,1
803386,318982,1
812869,346251,1
798904,324420,1
800447,331643,1
807446,342555,1
804251,329956,1
797594,302109,1
803448,314797,1
765502,240340,1
795527,315510,1
794640,313497,1
808717,335740,1
790932,305223,1
816852,352965,1
826228,376658,1
795299,312036,1
808686,332209,1
809594,344872,1
799275,324108,1
878184,487392,1
798472,322218,1
824822,367091,1
746769,205186,1
756701,207223,1
795489,287279,1
800483,320713,1
783491,288029,1
797162,306135,1
800272,316170,1
806827,324616,1
802853,314938,1
800804,316615,1
813173,354777,1
801588,319814,1
797400,315778,1
823840,368410,1
811391,343836,1
801055,321833,1
804038,306622,1
803780,334441,1
834173,386159,1
802784,313853,1
807293,347456,1
817119,336333,1
786635,269352,1
824624,381716,1
797415,319840,1
800772,325023,1
806626,318966,1
800845,311838,1
769386,259892,1
797272,324228,1
807409,325526,1
795836,291870,1
798321,319665,1
805372,313397,1
790738,308028,1
800667,315995,1
795205,316433,1
809054,345541,1
808452,320117,1
779897,279572,1
782642,275308,1
797569,321799,1
801751,318110,1
787644,297715,1
807401,314610,1
800677,310656,1
800394,301473,1
795571,310093,1
814158,335578,1
811913,325091,1
806982,316680,1
775604,274485,1
800133,327081,1
806511,313841,1
803796,314893,1
802012,318315,1
826789,377676,1
814108,344096,1
804354,309671,1
807017,330432,1
803774,334756,1
817410,346944,1
841928,398948,1
816145,349032,1
818622,370753,1
786245,292352,1
784164,285702,1
805390,319676,1
790774,303642,1
803277,319525,1
833182,379714,1
773023,251826,1
801609,320399,1
778965,282290,1
814317,333112,1
805080,323708,1
801080,318049,1
799724,318884,1
798059,316113,1
806176,320301,1
769876,257669,1
825716,373098,1
791983,298565,1
801386,313545,1
804871,317801,1
810903,332925,1
838276,395673,1
810543,341180,1
777978,252419,1
820258,351165,1
801997,319385,1
779437,281959,1
810253,323873,1
794826,309589,1
814280,344223,1
832651,373469,1
794142,306704,1
802041,319504,1
804190,320706,1
798983,325682,1
840462,402858,1
799912,323363,1
804119,328544,1
804358,320802,1
803057,331037,1
803031,325811,1
784151,283760,1
800444,311497,1
802004,317772,1
803470,319069,1
811277,335577,1
803332,315488,1
800037,317963,1
813436,360446,1
800694,316789,1
838129,404012,1
764997,249477,1
800316,311699,1
806848,320541,1
805462,317833,1
798308,312788,1
802655,316263,1
801456,320080,1
801309,318213,1
840886,397888,1
829529,375007,1
830805,370801,1
804979,334141,1
804013,316083,1
808489,317021,1
770113,241615,1
804332,319006,1
833661,389733,1
797834,297329,1
794956,309980,1
801232,307078,1
809552,342258,1
794615,305632,1
809259,345634,1
811502,355939,1
801301,316893,1
803370,318247,1
804702,315881,1
797009,293194,1
813791,334609,1
812965,330224,1
826048,374236,1
800959,322309,1
803405,317316,1
802254,320673,1
783116,265635,1
798633,317300,1
801482,327644,1
798612,326404,1
799001,302014,1
802537,312497,1
799794,315080,1
793892,313943,1
804691,332987,1
793855,298525,1
796952,318633,1
800655,320227,1
801780,318992,1
805977,320805,1
796916,323332,1
820904,351763,1
808405,318841,1
765283,249459,1
824212,363776,1
798981,311092,1
797178,310439,1
800582,316980,1
803839,310353,1
796283,315582,1
801145,317601,1
801662,318423,1
801782,318281,1
803377,319212,1
803932,318781,1
806192,337849,1
789583,287700,1
801586,318947,1
804251,331304,1
799667,316830,1
759789,229116,1
799021,326404,1
793684,312065,1
806320,315242,1
786234,267976,1
821151,366545,1
801903,312794,1
782506,279930,1
803627,319323,1
794991,291216,1
794667,315069,1
799291,317500,1
798243,324160,1
804408,337683,1
818119,348676,1
810502,336169,1
793560,285392,1
801326,315779,1
808644,326320,1
813645,328765,1
800966,317165,1
797111,302781,1
802431,322048,1
811061,333595,1
786719,283364,1
773955,239849,1
803701,321815,1
783110,289805,1
800235,316652,1
807421,317527,1
797947,319734,1
805035,317469,1
801166,322298,1
846693,429031,1
801493,322249,1
806087,326636,1
810657,329468,1
801313,300606,1
800390,309948,1
801634,318965,1
799197,314215,1
795254,296488,1
807696,320548,1
800461,326821,1
801174,320442,1
809781,326904,1
826585,366934,1
804429,312164,1
788005,292268,1
801183,316191,1
378274,816341,1
406233,813072,1
401478,785370,1
448651,847994,1
434440,822866,1
369199,734895,1
413241,771595,1
369418,733394,1
378563,789670,1
424190,780052,1
415993,776671,1
421352,799127,1
432656,783776,1
383032,788008,1
414377,771258,1
425260,773661,1
469139,810971,1
442979,803024,1
347079,803582,1
412797,803180,1
352874,807952,1
442286,755194,1
416433,786159,1
419700,793447,1
422961,821595,1
400008,789447,1
429586,775621,1
457561,788245,1
415417,785827,1
389552,750700,1
415598,786499,1
443447,783977,1
404792,749210,1
389392,730768,1
473485,847098,1
491614,778997,1
437483,785130,1
452570,848127,1
417197,778243,1
405986,787439,1
437568,794323,1
420319,794333,1
418963,746595,1
469422,822619,1
397688,762902,1
418149,790096,1
407289,798870,1
360319,778673,1
473799,795167,1
445199,763833,1
446537,828924,1
410019,732704,1
396540,815936,1
407694,718592,1
417091,792545,1
442260,754050,1
411526,784658,1
407814,765816,1
394022,803914,1
481133,781413,1
396118,794614,1
458538,786673,1
419721,789724,1
424476,781552,1
377720,727349,1
448336,789445,1
412227,787450,1
408745,824896,1
417016,774869,1
395274,786698,1
412541,806622,1
412109,735920,1
407023,787385,1
376660,815936,1
396548,784388,1
508535,830710,1
414014,816460,1
440782,782395,1
436951,814456,1
393758,750953,1
418410,795929,1
425991,787029,1
414562,787355,1
408712,803987,1
377858,811790,1
417169,792321,1
460371,780609,1
388873,746909,1
395641,808571,1
386436,791388,1
440667,768761,1
438437,730300,1
370839,727884,1
422917,781112,1
391555,789079,1
402666,814060,1
474368,812039,1
406176,760860,1
463768,793154,1
446307,796523,1
402309,786873,1
413946,786971,1
425053,790566,1
416926,785113,1
424023,737453,1
417447,782955,1
415672,787824,1
416019,787562,1
417515,787648,1
459230,803720,1
447833,819282,1
418199,851439,1
417393,771537,1
441415,780207,1
399634,751940,1
373360,784232,1
419227,779215,1
434717,808225,1
397669,792218,1
412028,773494,1
407504,803363,1
365147,790525,1
459328,805961,1
429472,860855,1
480128,785580,1
344915,702496,1
410969,770451,1
407460,791404,1
420476,750495,1
397747,792207,1
408428,771823,1
397806,749559,1
426040,825049,1
407565,766203,1
414317,828815,1
410610,765111,1
412388,784064,1
406337,750353,1
422419,754048,1
416039,730594,1
414512,793966,1
398478,822297,1
424375,721868,1
403890,792420,1
400902,772920,1
402367,782997,1
472917,830363,1
418621,840463,1
329002,727685,1
418618,811618,1
425356,745471,1
470922,770669,1
400598,790903,1
412851,774986,1
492415,829655,1
400079,749617,1
417673,785965,1
424720,768456,1
386415,801444,1
426689,788562,1
430747,776261,1
405714,781619,1
429220,787348,1
427850,762201,1
434080,785264,1
473514,788780,1
412386,777312,1
430686,844506,1
409142,811927,1
422198,724557,1
392185,713763,1
412677,786951,1
399149,784376,1
382693,749680,1
527515,831478,1
448519,805219,1
430779,770145,1
413556,758080,1
392140,769924,1
416855,794023,1
389713,772742,1
398498,776720,1
473727,807244,1
389410,788256,1
377230,790154,1
415564,784464,1
456799,844976,1
444336,820061,1
404359,783919,1
453154,776082,1
425019,759577,1
415895,775793,1
420083,787815,1
506612,858859,1
436648,859634,1
403522,785432,1
401407,759648,1
403852,792473,1
367398,701756,1
412453,784453,1
382124,786262,1
416884,786845,1
448865,836781,1
383821,808301,1
414249,796590,1
457338,789952,1
396276,785999,1
390282,789593,1
409417,758123,1
397561,815245,1
397137,742547,1
402891,801910,1
385257,791581,1
409628,833942,1
369249,797068,1
460942,779073,1
423146,737571,1
420509,788730,1
422736,790806,1
401492,790336,1
394018,799506,1
385140,796221,1
430243,781020,1
416775,806826,1
425796,795608,1
411488,837715,1
433989,765343,1
415806,783594,1
417023,771194,1
415270,775605,1
391163,811977,1
405350,762342,1
414860,773921,1
371779,814715,1
415631,805010,1
387951,813315,1
472691,802678,1
471930,844046,1
432892,815223,1
366654,802105,1
411721,717873,1
426115,814461,1
375997,806621,1
385561,718324,1
375573,809249,1
437958,784801,1
363857,784086,1
430138,818594,1
435085,791564,1
414036,742189,1
425611,793420,1
439793,740773,1
467107,817914,1
387631,749416,1
430001,765803,1
384225,784381,1
417146,822655,1
427371,819417,1
399587,792459,1
474648,778810,1
345692,788190,1
409515,756149,1
469782,780552,1
468229,827985,1
414951,852935,1
409701,750741,1
442826,795974,1
459556,818479,1
423311,813081,1
476144,772131,1
391976,789416,1
448649,813885,1
496658,816784,1
410336,767856,1
430167,811490,1
357467,797530,1
404220,785798,1
446368,763341,1
439514,758221,1
424145,743433,1
470062,771204,1
421187,779726,1
396617,801039,1
394708,739061,1
394912,755947,1
425950,788228,1
408283,806161,1
419520,778231,1
441950,785934,1
409814,836083,1
395817,788858,1
422776,808328,1
363959,810632,1
422943,804253,1
407626,771304,1
347933,797148,1
457554,795861,1
394274,837428,1
445674,768552,1
416359,786189,1
419485,804779,1
376176,795539,1
349378,805118,1
456566,743012,1
484407,809641,1
403329,717870,1
392795,817694,1
372621,772258,1
461751,817277,1
489182,773934,1
427388,815258,1
418155,819422,1
437035,755506,1
416444,783624,1
777811,751059,1
823974,725025,1
749723,781756,1
875160,698897,1
828194,742074,1
800913,749332,1
831165,783383,1
793019,764859,1
810467,706465,1
803540,754792,1
844662,654835,1
803962,731228,1
823065,733789,1
822156,732296,1
811389,723618,1
779936,774397,1
854769,713941,1
803457,735855,1
790712,745884,1
815652,733433,1
841289,701474,1
832054,751330,1
786032,701427,1
824835,704997,1
832886,781206,1
818063,797960,1
857620,709386,1
828589,652430,1
836727,737798,1
776000,780347,1
824098,714042,1
830583,710990,1
862189,735684,1
815131,704478,1
828478,655405,1
784838,771499,1
880362,706363,1
767482,727417,1
825070,734215,1
813781,738344,1
840863,737972,1
840943,739611,1
828276,762021,1
822883,728314,1
854886,769396,1
829623,732301,1
835428,731189,1
818338,800932,1
823417,701523,1
812152,689907,1
829969,699565,1
861563,661642,1
816955,747629,1
774526,757135,1
803577,712231,1
798056,714380,1
881789,727577,1
858867,700187,1
834996,728517,1
839121,736259,1
841045,738224,1
840100,728839,1
874544,686096,1
862334,747768,1
820253,714625,1
817862,732248,1
844729,682981,1
846484,719360,1
793669,724513,1
821906,732848,1
826465,646980,1
820350,748217,1
814540,707227,1
838223,766380,1
869471,745767,1
816054,733183,1
801177,737548,1
848783,748980,1
814105,723255,1
838036,749612,1
840270,725456,1
789601,714058,1
827169,708345,1
789448,738035,1
835030,668528,1
848151,741869,1
816091,747764,1
801511,761094,1
822670,689090,1
873672,734440,1
808153,737136,1
755829,751858,1
814697,729209,1
832758,707452,1
848264,762550,1
799903,784535,1
802674,727804,1
828147,808738,1
820707,705318,1
824594,741664,1
804474,747122,1
823108,733302,1
839514,728923,1
827711,732798,1
851644,721350,1
816390,711340,1
798007,723995,1
790612,738038,1
821909,728448,1
865754,723314,1
735295,814058,1
877711,703850,1
792990,685472,1
809917,762429,1
789388,712210,1
879221,655497,1
876935,684572,1
819439,735945,1
807929,730950,1
850451,764015,1
811748,766105,1
824765,761114,1
848586,789052,1
812231,739235,1
873532,712802,1
842590,716861,1
832798,734777,1
817640,730018,1
824322,744720,1
777697,798253,1
868493,677155,1
805658,698630,1
840349,790707,1
796953,726378,1
832589,782799,1
817441,709397,1
856029,730586,1
805089,762512,1
854628,773470,1
846090,651306,1
796943,674692,1
827192,785316,1
818209,719382,1
795200,786424,1
817777,724927,1
846512,683647,1
825080,746712,1
824674,806300,1
822616,735941,1
805391,732659,1
823250,732088,1
850376,739749,1
821337,733356,1
796786,724615,1
862425,741010,1
825690,703854,1
800872,672603,1
825395,715780,1
843911,730036,1
820238,732928,1
848570,703697,1
825515,738284,1
820367,732364,1
822025,749214,1
837718,761480,1
871723,685520,1
850904,720163,1
816775,739989,1
822103,732911,1
815455,755486,1
835648,756631,1
868626,737331,1
825997,730652,1
817252,730254,1
877906,722361,1
808440,729985,1
791470,751113,1
841654,764836,1
825429,732758,1
751215,828365,1
804706,788001,1
820194,734233,1
869991,705259,1
809779,663654,1
822078,711840,1
866139,717138,1
829379,718721,1
837582,763266,1
783999,732487,1
800231,732106,1
862569,719773,1
838764,652792,1
849343,713993,1
828297,715480,1
821259,750089,1
874643,729921,1
819058,729125,1
817018,729596,1
797804,715342,1
838515,768484,1
829398,724900,1
754841,796342,1
878690,739021,1
821908,732077,1
786495,759000,1
823987,687499,1
787988,741203,1
839339,726322,1
822425,727248,1
854412,725575,1
788351,737539,1
838587,700545,1
840425,762290,1
817395,734126,1
807913,737341,1
872285,750708,1
788166,702817,1
836225,709204,1
822293,786837,1
888892,702505,1
822623,745025,1
795124,696429,1
832238,725434,1
815593,689874,1
843572,784897,1
833716,758772,1
822474,780882,1
801102,759330,1
841752,731595,1
808779,732990,1
822533,758955,1
817807,715863,1
837977,728814,1
801204,755177,1
819628,810748,1
814732,734183,1
832086,716249,1
876503,659112,1
823856,749355,1
819737,737829,1
818756,743887,1
811971,664520,1
801526,705057,1
827031,734324,1
843891,721571,1
810460,735109,1
782368,759352,1
801172,715857,1
866928,716961,1
829673,730398,1
850888,736810,1
786935,732999,1
769656,721159,1
804925,735492,1
870054,738900,1
818932,728481,1
853692,746285,1
807072,687932,1
750459,800215,1
823959,737866,1
835804,710711,1
790206,747165,1
813092,739043,1
801810,728106,1
825404,733788,1
820947,730529,1
827081,694553,1
822664,720677,1
768565,762193,1
823113,733720,1
821079,800206,1
828531,731300,1
820757,738235,1
781260,737962,1
819438,662327,1
833504,744564,1
789552,731946,1
822843,763117,1
775555,719683,1
865084,713697,1
820455,729132,1
849547,738979,1
762269,792243,1
821464,700760,1
824013,753991,1
803369,698753,1
823589,728083,1
796353,710294,1
820083,728310,1
829133,735488,1
823455,747394,1
818542,740451,1
809623,734937,1
841762,777572,1
802184,751958,1
803874,675499,1
830065,739162,1
824140,729074,1
852730,769968,1
866760,753547,1
811031,703822,1
825414,734466,1
816615,770855,1
786227,765634,1
817269,733788,1
809453,736879,1
757421,774445,1
818251,731938,1
788020,765562,1
823618,734216,1
812295,728049,1
837545,696979,1
797918,694723,1
822224,742716,1
821895,732158,1
797233,713358,1
800258,733812,1
813319,737376,1
860951,162251,1
860387,157731,1
857363,154639,1
863391,126214,1
839094,159543,1
849248,164090,1
875990,133950,1
905936,150106,1
895835,123485,1
818079,108536,1
898976,198452,1
869087,153957,1
849653,143827,1
834293,161575,1
844234,153197,1
835128,212354,1
828179,155649,1
875410,128878,1
850965,156224,1
800816,176612,1
832621,150748,1
876863,176593,1
826192,172906,1
862679,188399,1
839974,154358,1
854338,135067,1
855233,141357,1
850538,160159,1
868442,160118,1
888714,205560,1
864185,161232,1
851280,156049,1
875825,204959,1
840375,155757,1
892340,149050,1
873527,126426,1
836433,200181,1
826499,142732,1
854922,159650,1
883537,210648,1
807420,168787,1
840299,118907,1
834602,213597,1
864053,139325,1
856454,117143,1
857972,160214,1
850046,108829,1
804936,148980,1
864374,150149,1
858587,150101,1
870247,121460,1
855656,162100,1
850176,127908,1
850057,157848,1
828005,145089,1
861994,160156,1
849537,157510,1
867125,168762,1
838142,156770,1
847644,164348,1
856349,158150,1
860606,152843,1
869288,168662,1
838328,185708,1
860986,140320,1
829229,143653,1
866051,172932,1
871556,194747,1
865489,161762,1
851840,110475,1
846256,154064,1
836081,178429,1
859707,202806,1
849938,156042,1
894124,202052,1
864325,170593,1
848108,161786,1
817619,181929,1
858058,196183,1
861242,161722,1
885793,172115,1
850577,157049,1
877125,161227,1
883864,111281,1
891699,170415,1
802394, 87835,1
862759,157988,1
824185,167369,1
813124,157130,1
840335,164912,1
858042,178196,1
846257,145306,1
858516,151301,1
851282,153750,1
905005,164126,1
857309,139276,1
845589,192916,1
895245,150977,1
863995,150435,1
862642,159379,1
861631,169376,1
858934,162874,1
912023,160368,1
842824,177832,1
824560,133679,1
842281,175525,1
860845,155375,1
841096,188742,1
821428,153468,1
840357,169437,1
827802,189078,1
844734,164570,1
847812,114745,1
887269,166179,1
830159,134329,1
850925,157811,1
847276,121785,1
870599,149782,1
780153,136449,1
814379,132655,1
834483,173379,1
852423,159874,1
854012,157449,1
883375,158482,1
850219,110573,1
836450,151205,1
881217,172320,1
813239,139752,1
871255,140340,1
789356,159383,1
873690,156226,1
858834,149259,1
778867,140736,1
872057,122354,1
882097,161493,1
787336,144875,1
849751,167033,1
843833,170416,1
850663,157840,1
812240,177846,1
838609,140215,1
850959,157920,1
859703,156782,1
854753,190254,1
895723,126593,1
857833,170565,1
850200,164752,1
845303,150476,1
877422,134877,1
850153,155701,1
819256,201704,1
871689,155981,1
818014,140185,1
815298,167390,1
864088,171351,1
902529,162041,1
908069,146564,1
799326,106384,1
854996, 81095,1
843813,182032,1
888504,147016,1
877964,242679,1
851866,156896,1
821361,175823,1
810775,160434,1
843150,156573,1
844088,150085,1
830620,117906,1
835790,127898,1
819541,117296,1
858703,157931,1
857846,153281,1
876408,183646,1
842576,153072,1
848974,199427,1
862925,243856,1
856561,128799,1
834171,189042,1
872516,217570,1
869167,105039,1
819670,183364,1
846575,159002,1
895127,152283,1
830445,186055,1
792179,148539,1
852410,187705,1
853554,158012,1
927170,250593,1
825605,167750,1
846731,162515,1
878170,123364,1
884966,133900,1
866987,154415,1
846284,113820,1
873474,159567,1
878258,158631,1
882306,173836,1
856924,169071,1
794260,129843,1
851568,114049,1
868736,179354,1
925732,210388,1
868375,161990,1
855593,161003,1
849599,157084,1
868317,177001,1
800304,163436,1
823740,169808,1
856202,158811,1
883929,121705,1
851010,157593,1
872506,157517,1
850533,160136,1
816393,185056,1
850911,157772,1
812942, 85345,1
835581,147664,1
913298,162009,1
858172,137586,1
872781,154295,1
871597,185239,1
923120,170161,1
837019,215527,1
835702,176502,1
837017,154170,1
859177,143273,1
866851,129505,1
855852,134834,1
924289,171369,1
860154,113364,1
836739,162321,1
850775,162968,1
884750,154317,1
849681,125345,1
854463,159977,1
883567,161769,1
848137, 87922,1
823676,152154,1
848135,130674,1
844400,150812,1
864494,136669,1
878157,210496,1
851088,157432,1
786528,104976,1
860106,157080,1
861412,205239,1
820675,168154,1
834036,144156,1
842907,133992,1
846720,162060,1
871544,144135,1
849003,115373,1
856753,145184,1
839757,190518,1
865113,161302,1
846936,161313,1
845802,172285,1
844357,163402,1
881106,105566,1
877835,151890,1
839445,149778,1
866560,165110,1
845798,213118,1
818668,120458,1
831446,182864,1
900955,185733,1
836647,167267,1
874672,104851,1
849126,121710,1
889142,154467,1
855993,225023,1
854095,158510,1
850787,125678,1
859298,139834,1
829216,121494,1
837676,148639,1
851919,127963,1
841353,125628,1
848563,117708,1
893106,176595,1
852503,146551,1
848290,143184,1
825541,151495,1
883231,232031,1
864667,143614,1
805089, 96540,1
854909,149938,1
847097,176660,1
910435,171155,1
878749,188759,1
871780,158486,1
841292,155620,1
846011,160034,1
855969,193497,1
860927,110775,1
808069,134402,1
848413,183717,1
791722,162000,1
852104,134678,1
806567,140259,1
847423,161535,1
867993,162841,1
828038,149181,1
849404,170474,1
841967,150890,1
850945,161669,1
888697,143969,1
813868,188928,1
864991,159874,1
881109,152198,1
811694,188374,1
900360,153622,1
885764,151791,1
814553,164190,1
895623,178393,1
829790,205695,1
865170,173755,1
850453,155432,1
864211,216526,1
848770,111076,1
791199,164843,1
834165,140684,1
843905,219401,1
857328,143692,1
838146,159541,1
340693,569371,1
315965,587160,1
405652,622938,1
359831,554975,1
349296,557688,1
289423,559134,1
408689,562521,1
321312,574721,1
286568,547471,1
370259,585265,1
339967,562602,1
410917,614521,1
283570,563726,1
347197,591316,1
342064,570045,1
317331,556086,1
335792,541310,1
330455,568758,1
366794,582584,1
378697,591764,1
339981,565418,1
338342,566864,1
338474,563350,1
432052,613723,1
340064,550509,1
334354,578047,1
296775,572432,1
353335,592567,1
334016,562797,1
328438,532686,1
365927,571713,1
343247,564376,1
325057,581121,1
330881,579058,1
378648,579579,1
339115,566863,1
333299,597586,1
367048,553451,1
345840,561591,1
366934,581294,1
358793,547046,1
393570,579641,1
304399,545221,1
353979,578923,1
337002,589527,1
327738,559624,1
334549,579199,1
297110,556485,1
327403,548875,1
413894,564459,1
326043,553772,1
337811,558454,1
333901,532836,1
340545,568654,1
358483,554925,1
318065,581616,1
367751,578289,1
331667,570387,1
321519,561045,1
299578,572052,1
339632,536577,1
339993,544064,1
268672,508874,1
332960,569308,1
345042,566973,1
352220,602793,1
333934,537464,1
312386,555195,1
334182,558498,1
335328,562880,1
303637,570253,1
353145,580916,1
325118,556212,1
294310,563522,1
371563,547746,1
373894,555347,1
407040,577739,1
337298,565486,1
357813,572855,1
304157,566007,1
335918,566525,1
330127,570072,1
339212,538693,1
357275,551101,1
334785,565575,1
326152,563230,1
345903,561314,1
238748,551038,1
331175,551842,1
352520,566829,1
341675,560197,1
354746,552404,1
412500,594675,1
277027,536847,1
322209,547247,1
375619,553791,1
288068,561932,1
344770,570309,1
284031,566654,1
324442,567881,1
356246,549756,1
404420,577532,1
336829,562228,1
293591,522132,1
342963,582232,1
338860,561151,1
324055,590810,1
328331,541094,1
357737,597104,1
392534,593343,1
298665,568245,1
343376,575709,1
338863,563107,1
361370,552483,1
338935,567577,1
350117,535859,1
371000,555062,1
368617,554066,1
331795,529654,1
344237,573700,1
280110,522025,1
328657,564864,1
452457,597461,1
333669,542228,1
320628,564596,1
316642,553340,1
340712,563178,1
349955,535578,1
261538,525920,1
411008,607342,1
317136,563479,1
297022,574097,1
319927,524637,1
359772,568428,1
344791,578536,1
324093,580491,1
373907,558472,1
321905,573147,1
341721,576427,1
386373,606623,1
338588,543875,1
341578,558672,1
371616,570648,1
331987,568997,1
341329,565571,1
334350,556417,1
330482,571217,1
338950,572545,1
289087,565427,1
343997,585193,1
225786,529417,1
365567,547606,1
320827,519618,1
286990,529505,1
321517,569562,1
388806,569524,1
411796,581307,1
331440,551885,1
325958,573367,1
348171,569251,1
344239,530765,1
419151,577335,1
321309,569996,1
386377,574187,1
342099,561508,1
366688,562413,1
321657,538660,1
403004,613466,1
363304,553764,1
384922,582877,1
304556,568584,1
336787,538925,1
327998,571265,1
303269,531608,1
313649,523765,1
337889,558031,1
360165,553303,1
340032,561740,1
338634,564414,1
351459,565704,1
412767,593558,1
283474,532727,1
336928,557412,1
366478,594677,1
343450,570659,1
331616,565089,1
354529,573677,1
276703,559740,1
282066,560178,1
331366,567311,1
321910,573825,1
290107,571927,1
281979,518199,1
374695,563163,1
340191,567638,1
338583,563529,1
358312,559466,1
338474,564151,1
338205,566246,1
342901,582886,1
265815,540385,1
304086,576100,1
347966,563506,1
346144,560472,1
352381,592377,1
318681,528806,1
369366,561201,1
310041,533285,1
344314,595915,1
363956,609339,1
328586,551385,1
330767,552963,1
312558,520650,1
315850,573154,1
379388,567285,1
329905,579935,1
352209,548608,1
357679,548036,1
339288,588052,1
330335,568221,1
341559,562163,1
341925,569393,1
327695,543105,1
335999,549795,1
302359,534317,1
332586,566187,1
330750,561657,1
400380,588221,1
337910,562252,1
336549,565597,1
343717,559909,1
332116,594868,1
358384,556361,1
415881,584352,1
345164,579614,1
316395,537403,1
340970,564831,1
340383,600071,1
326627,534442,1
356865,545785,1
306298,551902,1
347575,565576,1
302583,571881,1
352424,557574,1
279008,521035,1
335029,553213,1
338753,563384,1
324032,577807,1
327973,534972,1
321924,527106,1
345495,579864,1
385091,599401,1
361138,551307,1
332884,533990,1
269126,508814,1
350056,566657,1
374117,546122,1
350283,559840,1
335525,567445,1
350798,535657,1
289002,520678,1
324516,522674,1
364844,571623,1
351815,574947,1
275524,559548,1
348773,583528,1
308966,523409,1
316313,570785,1
341966,561987,1
341446,538787,1
318823,565345,1
347522,587567,1
293746,544468,1
334983,572690,1
325125,564342,1
330145,546705,1
336336,563145,1
302353,545544,1
321216,569834,1
285152,520229,1
335027,565050,1
332270,556288,1
341016,545280,1
339640,561426,1
338633,563504,1
324952,565867,1
353583,554147,1
385183,556284,1
292636,520371,1
289176,571435,1
310944,559497,1
336974,563207,1
337173,557853,1
396903,591235,1
324440,567074,1
333378,557892,1
300366,565761,1
344437,529492,1
325871,558965,1
367641,556309,1
344552,554676,1
297212,546223,1
355924,577596,1
331340,524203,1
292932,558293,1
306346,523584,1
341966,586266,1
282430,560217,1
326251,549298,1
335201,585318,1
351564,573155,1
322365,530808,1
405542,600089,1
296763,528676,1
221233,538472,1
338084,560295,1
345674,579033,1
325883,560492,1
345123,577788,1
329859,564384,1
353939,570931,1
409616,575024,1
365058,545456,1
404782,557913,1
368724,598412,1
344096,575522,1
182618,346663,1
171461,348130,1
186536,330019,1
177241,292639,1
248683,383412,1
174057,358906,1
215243,289985,1
170688,343596,1
144502,345417,1
165689,356983,1
168443,367928,1
165158,343946,1
159711,352701,1
175781,341039,1
233480,289069,1
189029,366740,1
168573,350387,1
170271,306395,1
192775,350028,1
152054,345632,1
139299,314046,1
202053,322650,1
134695,350397,1
159654,381778,1
188093,324040,1
183236,338163,1
156984,430950,1
182751,435819,1
198908,372797,1
198517,325721,1
161345,350804,1
210497,359835,1
141993,331189,1
170788,373545,1
166449,363036,1
155479,345893,1
186380,363938,1
129332,360811,1
224225,376975,1
165945,345849,1
223550,323197,1
122755,434879,1
166584,349245,1
179472,342273,1
148749,359845,1
177505,332053,1
160222,380591,1
178869,370161,1
170002,370000,1
164354,347671,1
169966,368623,1
145867,363616,1
181561,358111,1
164915,350360,1
166973,341636,1
153181,277968,1
155505,355581,1
160835,347784,1
211265,396792,1
203254,362605,1
137967,354539,1
174064,357989,1
179609,408365,1
176506,351827,1
172879,347028,1
180506,330980,1
185966,359964,1
146070,316860,1
152957,321354,1
163190,331719,1
186914,361706,1
159191,309314,1
170425,316185,1
162040,316797,1
195000,354829,1
126702,351222,1
213064,290947,1
140612,350010,1
172885,352621,1
170155,343568,1
186806,334070,1
146072,288800,1
169293,348686,1
169502,411323,1
152861,407965,1
156041,295117,1
117585,391892,1
163981,344090,1
158664,310765,1
141113,351050,1
163796,345091,1
160369,353500,1
235671,300234,1
140876,334435,1
108232,373112,1
192460,388323,1
133744,308918,1
216209,437830,1
156945,339397,1
199859,316334,1
159496,331641,1
167845,341409,1
182435,365508,1
133795,360518,1
169628,365003,1
167262,399527,1
177728,352687,1
130683,363204,1
198197,344933,1
197735,355477,1
172020,342883,1
185561,342784,1
202011,337353,1
157394,346500,1
182050,424341,1
129664,341196,1
173188,355248,1
182499,310438,1
170384,339979,1
182093,321311,1
185696,338006,1
102221,374657,1
165881,364469,1
164875,349007,1
159120,340829,1
168274,374689,1
178495,373915,1
179811,342089,1
162606,363185,1
173908,362098,1
133580,348602,1
190634,357254,1
186503,369651,1
127134,379827,1
169145,355279,1
140121,346875,1
141860,324304,1
200251,306215,1
174373,363552,1
170022,347877,1
165657,338722,1
186361,351075,1
213022,338238,1
155228,357729,1
171614,435530,1
175586,365049,1
187858,381077,1
171074,293610,1
153738,360530,1
199043,270173,1
165886,348709,1
159428,300364,1
197463,378513,1
161273,347538,1
186082,330058,1
143732,279724,1
142899,329415,1
156977,424622,1
174878,362329,1
148915,338914,1
187324,377187,1
175766,380534,1
185071,362905,1
158550,354818,1
174672,345849,1
169880,343122,1
109090,326101,1
187854,354777,1
153903,353738,1
190241,329582,1
102983,382712,1
143117,345163,1
188985,367645,1
174834,411644,1
144228,344974,1
146821,297434,1
171848,343242,1
94382,320888,1
154412,310120,1
176490,344679,1
170616,352610,1
81648,360080,1
153607,379395,1
183970,355973,1
105444,361358,1
158571,361986,1
177579,319865,1
198892,322470,1
216975,296647,1
166654,350678,1
189102,333074,1
198712,303299,1
137098,384889,1
144306,328086,1
142455,343512,1
178319,318244,1
168886,353913,1
174656,393278,1
130805,354417,1
176433,350561,1
142252,329183,1
165476,377389,1
210102,333312,1
129453,321221,1
144705,375936,1
206687,342276,1
153583,352282,1
189499,356601,1
159392,351000,1
181463,326571,1
162975,335389,1
157691,334886,1
154167,353183,1
165607,362883,1
182239,333302,1
176982,354631,1
183516,374212,1
191099,341570,1
184570,360446,1
207804,354938,1
198493,326704,1
149269,341445,1
184798,392233,1
174438,319075,1
107124,325984,1
76052,360840,1
159302,337993,1
140101,341028,1
168149,345638,1
150009,371014,1
157193,350343,1
111476,358647,1
151164,332239,1
171318,373473,1
175169,349454,1
162600,392531,1
168067,340249,1
170102,323164,1
124132,340448,1
149863,284721,1
168079,347343,1
128953,304971,1
169228,364545,1
198415,321418,1
183610,321788,1
220869,407358,1
159472,372246,1
170837,353968,1
165653,317602,1
135537,356169,1
166973,334724,1
158750,312102,1
161448,373412,1
158713,379013,1
180493,319750,1
125715,302114,1
194033,340466,1
158871,312380,1
161387,343617,1
169121,347594,1
167653,352074,1
125902,318850,1
217686,296514,1
171986,429306,1
211360,279794,1
157181,346842,1
188909,341194,1
140128,325904,1
117874,389929,1
162921,317643,1
173978,346514,1
98533,355691,1
194956,372256,1
164847,287064,1
174410,372064,1
149092,352682,1
166323,352927,1
178515,370287,1
169337,348605,1
122986,334382,1
145282,391482,1
185919,363092,1
180519,368284,1
181227,347052,1
168284,309036,1
198251,335402,1
160922,347681,1
141861,328909,1
147911,328024,1
178264,330827,1
178235,346006,1
195151,317753,1
122360,357480,1
167330,332452,1
115363,305575,1
185661,404482,1
177858,352255,1
113068,317574,1
125675,360158,1
172842,351663,1
124724,459999,1
169069,348929,1
185253,344152,1
155625,262321,1
158201,315944,1
171277,361020,1
209553,326461,1
160165,362858,1
190725,336160,1
169994,409806,1
179463,361279,1
172662,388185,1
165284,425978,1
160206,303063,1
155690,368375,1
124516,325289,1
179326,321160,1
165573,305517,1
155508,372355,1
166799,318482,1
161780,324523,1
168805,351913,1
206519,355629,1
163091,350167,1
176144,353300,1
179483,359645,1
213951,352868,1
164046,346109,1
169569,346955,1
225356,318394,1
214966,358837,1
159253,343477,1
219779,330969,1
169876,340860,1
669118,354195,1
613682,399434,1
617399,392653,1
629247,364078,1
641070,424917,1
609532,388425,1
629369,398359,1
605911,379990,1
622550,391601,1
607905,403460,1
679465,399014,1
608711,373665,1
623498,399288,1
601212,370698,1
574989,407228,1
563517,391159,1
687717,379483,1
616040,330855,1
653024,367312,1
607440,403119,1
620240,397022,1
599215,391457,1
587478,424878,1
613921,394043,1
624328,392133,1
635887,384511,1
559877,401053,1
617755,401065,1
693265,388552,1
559933,403956,1
655859,416496,1
625919,402984,1
595215,391491,1
617493,379303,1
598657,442558,1
601644,436831,1
617118,374098,1
591051,389443,1
617296,386864,1
616468,394118,1
630384,376295,1
558770,390646,1
637332,414017,1
556780,409205,1
577473,384210,1
650054,432740,1
595063,328609,1
714443,433876,1
603566,410391,1
562356,383175,1
546166,423311,1
626539,394908,1
663820,416308,1
710910,464586,1
624310,398408,1
632546,389750,1
667249,417107,1
608309,377530,1
611357,393577,1
658219,436184,1
615032,402225,1
628131,406850,1
632390,363198,1
575116,345564,1
625784,441883,1
618893,419740,1
579564,428498,1
686324,364237,1
586242,396484,1
623248,399928,1
609219,362804,1
537211,376777,1
605310,394011,1
634973,450542,1
595411,413706,1
613037,419086,1
617444,397675,1
633304,366062,1
592620,446156,1
631633,337973,1
619637,395224,1
620330,398630,1
621964,409409,1
618446,372298,1
629789,426313,1
608687,374928,1
680646,375662,1
591831,438997,1
550086,442382,1
620330,396776,1
551236,401856,1
617178,414525,1
584938,344365,1
622636,456843,1
649987,408293,1
613719,382828,1
576987,392508,1
599766,409755,1
584077,398498,1
695514,321521,1
561388,355834,1
691600,397893,1
610676,449688,1
600114,413216,1
626811,372435,1
636291,360636,1
570384,393553,1
626700,401688,1
624106,398619,1
523329,404632,1
611954,360938,1
613536,395801,1
576488,397913,1
652745,406585,1
603193,371867,1
610026,444858,1
629725,405117,1
648429,422590,1
562772,382904,1
638823,411764,1
617764,397102,1
579922,379009,1
610698,396326,1
642607,374702,1
621629,397208,1
659321,404555,1
576235,462612,1
598628,425191,1
623502,420376,1
665965,449273,1
608923,385575,1
611579,407670,1
617573,386848,1
589862,418742,1
653325,396810,1
605073,372055,1
623137,408209,1
499262,398424,1
619339,401624,1
619295,397643,1
578878,420108,1
533577,355107,1
615934,426539,1
690195,475150,1
673514,390760,1
657120,386782,1
549945,372313,1
675858,410545,1
626586,415166,1
618449,404599,1
638783,399478,1
578113,395458,1
622557,361134,1
635324,420555,1
666135,430421,1
689725,465685,1
593601,445149,1
615094,383077,1
624599,417673,1
573969,434110,1
642881,403147,1
634383,422065,1
582389,428200,1
617330,369828,1
621989,394856,1
651828,468138,1
612936,398723,1
613351,407952,1
562777,437516,1
533212,366954,1
618113,400002,1
609344,448128,1
615342,413931,1
623989,368662,1
620187,400168,1
687638,439257,1
573925,449341,1
547270,403384,1
619318,361696,1
588432,446279,1
592924,393730,1
615325,383841,1
611875,422910,1
681941,370225,1
620818,396967,1
662154,385013,1
554938,347875,1
628655,321099,1
619628,399433,1
660333,393215,1
618391,348381,1
565829,395454,1
617689,397001,1
604554,393193,1
572417,403906,1
659193,384523,1
632060,367800,1
633894,404424,1
620610,395343,1
615175,397627,1
624293,333944,1
593689,316888,1
617319,374666,1
572244,349463,1
619239,400025,1
621622,390298,1
622101,371771,1
630205,338054,1
654147,407182,1
637594,420311,1
629004,392271,1
585207,336451,1
618349,397614,1
650157,402991,1
638966,486628,1
655201,411873,1
602335,433298,1
630706,388370,1
617428,397343,1
621537,390372,1
631365,450732,1
618406,404239,1
601390,453925,1
603945,361794,1
619427,396945,1
660103,414557,1
700340,335010,1
608182,416637,1
661166,404325,1
620939,385731,1
626371,349696,1
614683,367259,1
619332,401992,1
587453,401098,1
652349,321291,1
617954,395504,1
636807,424537,1
533889,333741,1
623386,387031,1
632952,385722,1
695010,449565,1
626843,367696,1
488205,420586,1
611547,411952,1
621241,368090,1
581240,362971,1
608747,363132,1
662177,420431,1
615665,405490,1
617447,366176,1
560393,389490,1
685785,409913,1
623433,400160,1
609091,437020,1
624343,403629,1
668879,388617,1
567105,437623,1
657450,365008,1
591955,378142,1
588952,437524,1
607665,447516,1
608601,418450,1
662830,420955,1
605891,428146,1
615239,317684,1
588933,366439,1
618053,357534,1
577773,434308,1
606558,458285,1
620955,389692,1
738190,371970,1
634661,446187,1
571692,449353,1
605650,447537,1
639502,371440,1
684568,380640,1
658735,399039,1
618157,384990,1
618869,398187,1
603388,403039,1
585255,415823,1
639507,438534,1
594112,399331,1
619475,400592,1
571570,375257,1
659297,373975,1
603285,449307,1
610199,394579,1
590500,418472,1
630904,404643,1
591725,406549,1
621560,397789,1
563182,367521,1
593879,444161,1
616054,371666,1
627679,395601,1
608195,447380,1
616737,397973,1
650120,324477,1
616926,398697,1
650859,460072,1
642157,345545,1
601369,411415,1
604703,392288,1
721905,378957,1
619415,397644,1
571043,347389,1
659191,459637,1
629978,400626,1
688487,383589,1
598053,438963,1
635242,356290,1
605899,412428,1
656642,407213,1
619924,406713,1
630067,372798,1
600007,377908,1
589164,386733,1
630491,379017,1
618676,377015,1
639613,388524,1
669409,415893,1
681608,436537,1
649968,371445,1
629000,417990,1
658884,390135,1
605407,427914,1
629891,414975,1
621778,364695,1
610722,418243,1
601599,388540,1
615649,429323,1
627206,402647,1
643965,366316,1
614877,402442,1
606486,420054,1
668482,358452,1
628715,434772,1
196462,887983,1
335970,846828,1
272394,837600,1
211165,825505,1
226433,837646,1
219686,859997,1
242087,844255,1
213558,873714,1
245144,845719,1
247997,878582,1
283576,809069,1
224676,859348,1
298214,820903,1
245468,859425,1
222704,824909,1
250921,819639,1
249209,801933,1
230591,874855,1
234091,876039,1
286769,862152,1
224789,866804,1
245023,849247,1
263626,851699,1
250198,825417,1
231263,863308,1
307605,840195,1
276635,875623,1
230399,842538,1
274070,798617,1
247939,831010,1
209922,850026,1
300726,862728,1
222727,770963,1
239505,885057,1
291561,845450,1
221122,832810,1
194258,914691,1
228928,855040,1
264627,808661,1
225916,843329,1
240221,843932,1
276600,823311,1
204854,810013,1
278326,829095,1
246047,846189,1
251032,876118,1
285258,848668,1
260943,889692,1
245928,867228,1
221002,870506,1
292872,896822,1
261896,897475,1
269723,849664,1
243941,843256,1
249370,872804,1
237120,856814,1
257472,849587,1
253703,834676,1
238080,830689,1
225991,869734,1
231781,799444,1
296892,901182,1
234604,822462,1
241473,860854,1
219864,842635,1
235901,856563,1
207217,878249,1
256949,820470,1
204597,863162,1
325275,866433,1
239344,814789,1
187894,871219,1
259973,862559,1
189752,865463,1
245707,844466,1
188480,870646,1
305915,854818,1
242443,851797,1
227138,824372,1
229970,878786,1
281971,825246,1
241166,845204,1
225846,874086,1
284077,905181,1
258975,837353,1
241972,840749,1
245602,857160,1
227363,836593,1
257926,936947,1
237689,839510,1
267799,847911,1
207552,772091,1
201567,881003,1
265125,820661,1
273165,852766,1
290210,818593,1
256487,868899,1
271395,862063,1
251958,886571,1
249253,856047,1
268289,878265,1
295375,861990,1
256316,818886,1
246470,842932,1
314666,849163,1
298979,774144,1
192885,887667,1
227819,900986,1
250003,859517,1
249857,844975,1
218369,851387,1
252586,806474,1
283017,850861,1
228095,843338,1
266980,825990,1
241381,844402,1
294053,878220,1
253339,750941,1
241413,845029,1
294326,807584,1
257856,846423,1
248210,886338,1
216846,737568,1
244743,830888,1
277055,860813,1
279923,805957,1
235041,823732,1
238524,842928,1
246453,883061,1
260590,827955,1
274554,845338,1
245254,907991,1
299821,866288,1
261120,804153,1
246729,879602,1
240308,844341,1
220620,819091,1
268926,813783,1
234219,845270,1
188424,849785,1
240171,843940,1
163766,859386,1
191257,802651,1
224852,934148,1
261093,844962,1
228711,848090,1
183478,851724,1
201080,823689,1
118590,857150,1
264798,767716,1
313609,860065,1
232246,844226,1
237757,834092,1
222682,806314,1
243331,844022,1
197362,870337,1
229857,843917,1
244257,776516,1
224083,852922,1
309399,838744,1
271205,817620,1
242247,864253,1
235337,831592,1
232357,810798,1
252199,828023,1
267049,950249,1
245678,821691,1
241138,844374,1
246182,840370,1
264175,824349,1
266977,887963,1
274685,883097,1
244260,847060,1
256073,917590,1
258416,835432,1
241687,844256,1
282603,846165,1
228032,893055,1
226949,889283,1
264274,813041,1
139601,914203,1
229131,842806,1
236274,861302,1
261819,863523,1
200005,825237,1
310591,841778,1
244049,817710,1
235022,911236,1
256512,837094,1
236495,861569,1
256889,880721,1
258528,856273,1
233284,860085,1
257480,849037,1
269354,811847,1
222445,891438,1
222356,840843,1
236207,886769,1
174371,864697,1
159683,838958,1
237750,837381,1
241545,838673,1
256082,831969,1
246468,838071,1
205919,844377,1
266111,813259,1
244246,847589,1
244899,812192,1
219316,898830,1
251866,864044,1
238308,790723,1
209264,836661,1
242519,845811,1
351883,890475,1
278929,842054,1
244027,850132,1
248570,843156,1
224681,858432,1
210276,824826,1
220884,916718,1
240846,841609,1
257093,801567,1
236749,813868,1
332237,911313,1
288954,846991,1
238084,844799,1
236431,844100,1
299772,828655,1
241633,846949,1
230107,858332,1
256216,903741,1
258135,880184,1
232331,872896,1
183583,787453,1
264293,890923,1
213208,833959,1
224288,931476,1
261622,869706,1
297183,841456,1
241849,815141,1
308616,811021,1
220931,876605,1
289719,866638,1
233931,838374,1
224694,848663,1
240645,855514,1
229567,855332,1
247613,815836,1
239387,847822,1
257788,880587,1
245532,846331,1
224241,828996,1
227582,856861,1
244618,845420,1
213775,841758,1
243511,830743,1
244799,841688,1
216061,848623,1
294492,832336,1
248931,844960,1
267478,894783,1
228715,837572,1
269483,848608,1
248276,844455,1
236987,881080,1
223732,826580,1
230149,886583,1
265299,859533,1
181803,799487,1
247210,859012,1
261633,773355,1
262370,891499,1
250394,847577,1
222019,839774,1
238328,770068,1
208941,860169,1
238714,858826,1
241005,825301,1
270742,847836,1
238492,833394,1
312726,853829,1
286663,846902,1
261796,819395,1
253890,807676,1
242415,844335,1
134134,842630,1
163956,833732,1
250359,849451,1
295357,842293,1
218942,848326,1
205466,778884,1
253899,862843,1
244966,841126,1
208494,850615,1
221126,837878,1
271093,861412,1
216543,842952,1
255185,825960,1
251070,877802,1
264565,859237,1
228611,836717,1
228517,837056,1
198583,860431,1
215976,836025,1
254411,848090,1
168036,807011,1
292194,906490,1
243951,865415,1
260922,785987,1
245740,814541,1
317675,838127,1
274505,864723,1
230049,865536,1
235084,818866,1
172690,847721,1
221706,875060,1
236740,853169,1
298800,824277,1
265246,889333,1
219498,851932,1
247484,846372,1
288675,919879,1
229280,813483,1
282622,879222,1
307300,836132,1
238260,882489,1
219049,825171,1
219321,848396,1
240028,849354,1
212009,864463,1
246857,852483,1
245118,811283,1
247855,794626,1
253655,821946,1
241475,850889,1
210162,860529,1
204922,854068,1
225567,853078,1
245258,799882,1
257134,845851,1
187314,815820,1
294275,174786,1
329428, 66056,1
325938,164475,1
253129,154296,1
319838,170383,1
240213,118409,1
283784,178305,1
376613,159699,1
338717,181582,1
304283,183656,1
314519,146787,1
270899,175377,1
291228,101272,1
291170,110147,1
321522,163852,1
202627,179376,1
307913, 91419,1
311093,169734,1
321775,164846,1
294832,124284,1
295537, 91032,1
383044,180418,1
338570,192256,1
337894,175289,1
359796,165920,1
316263,163806,1
320972,170417,1
277860,111893,1
367806,123963,1
359352,162962,1
350964,149159,1
332201,181702,1
287966,150135,1
346942,152780,1
232784,169847,1
292492, 99170,1
334529,166765,1
363208,238649,1
196795,190277,1
353333,113156,1
373191, 88470,1
333789,151168,1
339732,163158,1
321822,187102,1
276792,141848,1
308044,164482,1
311328,159477,1
383052, 89061,1
316820,150304,1
314479,178821,1
310824,144943,1
333143,200298,1
300672,175844,1
339482,151261,1
319208,164182,1
321645,164662,1
308763,166511,1
308066,145825,1
360143,155270,1
348893,195430,1
319283,158983,1
332284,194186,1
292402,184441,1
361227,221878,1
313573,109221,1
310693,154278,1
344482,215846,1
358652,186358,1
330533,214555,1
320400,160020,1
267662,127175,1
396583, 82842,1
292193,125417,1
324121, 96346,1
321344,166633,1
234837,151054,1
368060, 76739,1
347050,150472,1
245783,109229,1
400550,144359,1
343217,153037,1
315488,160339,1
347406,155708,1
336845,172750,1
357014,148222,1
331862,169092,1
322140,165212,1
363075,162238,1
318738,182134,1
346717,178180,1
311819,140674,1
332032,157725,1
301983,173386,1
321556,163352,1
315830,102777,1
312275,145173,1
325861,203058,1
360703,150999,1
345976,148333,1
320210,191459,1
318665,158107,1
425563,163524,1
264427,188193,1
348177,179526,1
265430,151883,1
320718,158610,1
380609,185976,1
345234,188822,1
362027,150348,1
300294,178772,1
315963,174031,1
333787,189423,1
337343,156614,1
334812,137431,1
347492,153416,1
324518,167369,1
353991,193997,1
274321,219665,1
335476,183897,1
300021,159185,1
384591,137729,1
320000,162605,1
268938,211870,1
366146,196571,1
356280,185198,1
325767,164095,1
350480,214608,1
314791,163370,1
302582,134124,1
328851,147002,1
347039,195468,1
289531,145743,1
343018,239960,1
271123,163465,1
326959,154655,1
332307,189590,1
310529,141617,1
380281,205779,1
411606,137378,1
348191,165419,1
305292,175260,1
256120,141529,1
390934,170420,1
358562,112650,1
355499,224982,1
363437, 77975,1
232043,177614,1
246753,175170,1
327204,152871,1
371685,151612,1
291723,177824,1
324488,180658,1
340048,131847,1
295311,115000,1
239495,163949,1
267521,119941,1
401396,125431,1
260930,184935,1
336085,170252,1
291782,159562,1
307616,207295,1
352910,145624,1
294653,104623,1
372883,222824,1
318707,160697,1
281548,175184,1
307747,128551,1
336991,217448,1
270233,195701,1
433100,134861,1
311433,134432,1
375353,117180,1
315146,160782,1
311163,166821,1
305333,171939,1
332470,161202,1
302266,185591,1
370775,144355,1
314552,151035,1
343145,172236,1
331212,162496,1
299460,144708,1
383894,179880,1
345703,149860,1
331381,162660,1
344364,213940,1
378347,144880,1
322789,137560,1
328425,159826,1
341137, 78287,1
317771,154916,1
336266,148507,1
342066,119083,1
297177, 88467,1
280519,165350,1
305901,166656,1
284757,175853,1
281732,221764,1
321262,178491,1
344710,213543,1
311408,168232,1
356500,188114,1
304376,222294,1
278116,185472,1
247892,115217,1
306326,164202,1
311516, 94189,1
323747,163351,1
321778,158339,1
309501,166931,1
333942,143344,1
339393,209145,1
340996,170964,1
315333,144566,1
332853,168141,1
290958,168323,1
297731,175876,1
280274,182662,1
306540,193434,1
319155,159850,1
355168,114823,1
270201,236813,1
347630,120931,1
446538,180119,1
371052,147369,1
403365,215735,1
258201,153095,1
335121,214149,1
283786,133973,1
353951,133923,1
345069,165968,1
367079,183232,1
363932,228249,1
354132,161850,1
390538,157197,1
333805,148479,1
325344,159885,1
323905,168029,1
274495,182470,1
309684,150076,1
381617,157000,1
322841,169735,1
359520,132845,1
249616,144446,1
321620,169950,1
415495,116126,1
335742,196692,1
271424,251323,1
340066,152500,1
327734,163585,1
346079,220993,1
276741,143844,1
377042,182019,1
400055,131725,1
332246,172932,1
310386,171068,1
327569,158418,1
324444,166910,1
317217,163896,1
270404,183080,1
277512,151920,1
324966,170021,1
306421,145493,1
382419,110392,1
318266,171979,1
321245,141627,1
318192,170844,1
320821,165455,1
329029,204399,1
311065,219934,1
287127,192494,1
283571,109326,1
308748,199866,1
369490,164369,1
270729, 67329,1
279010,181792,1
282957,179982,1
308489,145929,1
327927,168535,1
327022,161396,1
376557,109320,1
248427,146381,1
321182,150806,1
312337,154488,1
268518,181514,1
285865,167818,1
279251,184486,1
306042, 66361,1
318215,180010,1
293978,197091,1
338044,233264,1
293864,241877,1
344380,183817,1
316257,171544,1
248779,111087,1
313783,177198,1
415534,110526,1
296164, 96874,1
315670,160928,1
339137,160334,1
290700,196285,1
307107,174760,1
325279,168587,1
328423,161604,1
333883,276840,1
308555,134011,1
322101,164171,1
306357,123397,1
292931,125341,1
284378,223470,1
335003,151395,1
267212,158699,1
343851,193618,1
296627, 93375,1
334980,143900,1
335235,180161,1
360945,167952,1
257841,193878,1
275288,212315,1
331798,143962,1
333937, 51121,1
328775,156501,1
319829,168353,1
293201,192871,1
327608,177638,1
332562,174699,1
348815,150017,1
312227,159417,1
324337,162686,1
323329, 93955,1
291973,127483,1
258779,106777,1
325360,134919,1
267264,153034,1
312421,170617,1
293350,175997,1
275459,190178,1
244344,185382,1
252845,181181,1
357923,192120,1
382720,263255,1
326040,156509,1
165104,543395,1
139903,592241,1
132705,557674,1
114311,601605,1
102460,533057,1
185935,554627,1
123441,594415,1
97216,564094,1
110948,539533,1
101553,517715,1
133023,574572,1
144570,573936,1
136531,557658,1
173576,507309,1
179189,536028,1
141238,557986,1
156430,615117,1
69169,631490,1
31842,565765,1
144620,575370,1
155899,561715,1
137451,555339,1
68388,574380,1
166290,521714,1
210499,526471,1
148319,584541,1
135336,552552,1
136606,562296,1
136301,569544,1
119386,620549,1
139212,557713,1
84501,604671,1
176602,574552,1
105945,528795,1
140989,537156,1
138449,555969,1
128669,574591,1
95749,602775,1
139460,557260,1
130440,562623,1
147885,527813,1
58190,608304,1
151701,574146,1
148385,538149,1
142668,544976,1
145251,553486,1
142265,546135,1
202913,525966,1
192564,547558,1
179240,577011,1
182840,584262,1
144242,557674,1
135849,550612,1
101427,615890,1
143265,548387,1
112379,547679,1
137347,622867,1
139146,569516,1
125756,579609,1
77109,512651,1
138073,556272,1
202547,601240,1
19835,570290,1
118137,579149,1
201324,574588,1
113259,568684,1
139052,610320,1
177246,571940,1
107972,601191,1
138199,541774,1
220156,589643,1
137787,566189,1
138122,557230,1
93136,613387,1
154620,576738,1
131523,568207,1
136967,565662,1
142886,556511,1
125005,540340,1
138965,558201,1
139474,569485,1
171471,576787,1
157138,565993,1
198294,552987,1
136078,547418,1
140164,531093,1
156003,502860,1
67867,545392,1
133780,533275,1
116142,550919,1
148510,579793,1
179224,584189,1
149906,546909,1
29760,557873,1
115287,602637,1
206561,574789,1
108651,521409,1
115905,560139,1
127373,549518,1
141699,530028,1
141641,557376,1
111855,531542,1
136580,553967,1
137516,556818,1
179793,483378,1
105568,584102,1
125840,520239,1
117212,565692,1
140717,554093,1
139033,593287,1
172882,571145,1
104862,608089,1
158366,537970,1
138525,534268,1
69565,599820,1
94571,528963,1
153185,562792,1
147599,513563,1
223226,546198,1
143879,536650,1
151099,518008,1
109317,531425,1
127202,525948,1
137740,618961,1
138734,557713,1
109912,565003,1
158060,525533,1
260096,530550,1
134449,557556,1
121650,599844,1
188992,563992,1
207218,589497,1
179830,547383,1
152331,529689,1
112184,530469,1
166904,503121,1
183026,545377,1
152658,569277,1
172116,513383,1
95899,530846,1
144325,538991,1
166597,572855,1
105193,596017,1
166840,562425,1
117089,561455,1
141718,549576,1
117959,536156,1
125351,529954,1
140706,547367,1
138012,558263,1
135284,555664,1
142663,556520,1
112673,516997,1
137657,611252,1
119237,591137,1
186380,487625,1
113099,546732,1
176278,550602,1
158773,588778,1
140962,518168,1
144856,551807,1
155943,576199,1
152584,564548,1
165356,570715,1
127858,609681,1
257984,555707,1
149758,564768,1
129550,560106,1
159271,568953,1
151374,538387,1
129030,588495,1
155430,549012,1
172756,612694,1
93459,514032,1
99569,523174,1
148080,544056,1
169322,577938,1
173847,514665,1
136418,562926,1
140047,540043,1
74519,527539,1
146681,562995,1
110877,562558,1
95071,503965,1
136232,576477,1
146120,576624,1
259173,548593,1
107965,535173,1
103153,601002,1
158283,570550,1
206219,604081,1
116492,509399,1
97430,598804,1
193275,538687,1
116860,550810,1
179834,541387,1
143226,522375,1
111174,539350,1
94933,588147,1
139434,557410,1
131532,536658,1
38179,532155,1
113321,606322,1
123905,508486,1
201753,569116,1
206660,575002,1
138884,529162,1
139636,565984,1
110479,594587,1
76253,529394,1
160280,493497,1
161475,587507,1
149054,556986,1
223408,520131,1
158596,562634,1
141991,539522,1
137172,523482,1
161154,538355,1
130157,581286,1
142000,554964,1
86243,559135,1
130883,557824,1
127964,538935,1
122130,568886,1
210597,589836,1
139847,552015,1
147664,559632,1
167716,562762,1
130657,555545,1
165382,518876,1
221994,575146,1
87236,607429,1
154268,542573,1
197367,535989,1
133094,557996,1
155274,552551,1
139911,561185,1
146924,565933,1
146183,622188,1
176092,531921,1
184402,546549,1
139641,557503,1
170816,547069,1
156474,570384,1
146678,558942,1
136569,532130,1
162124,500069,1
127503,623654,1
182854,534283,1
141222,572556,1
177665,557923,1
201907,516078,1
130249,579307,1
166560,559687,1
138220,560056,1
134725,537440,1
127940,590467,1
143592,606949,1
64979,538104,1
94061,576129,1
79285,554817,1
103192,550021,1
198823,538624,1
145758,562414,1
211584,591058,1
139451,549580,1
220224,592068,1
150404,539885,1
142767,538646,1
143912,595772,1
184412,537050,1
55359,623076,1
137197,556522,1
138461,558771,1
80673,566893,1
203667,577260,1
94249,600812,1
145244,561042,1
94458,533883,1
130201,562734,1
98675,580608,1
134422,544300,1
141771,551655,1
141924,558399,1
137316,562151,1
143363,551365,1
197849,575524,1
134261,519275,1
129997,568115,1
170494,560892,1
164453,544085,1
128788,546091,1
88703,577217,1
131109,568012,1
95074,570002,1
232047,522748,1
125548,552424,1
142563,560090,1
118391,553625,1
132497,593125,1
162713,586568,1
122296,566921,1
56907,586609,1
48143,523870,1
104489,542515,1
130582,565948,1
180633,570302,1
241485,523039,1
178005,594957,1
211266,534538,1
137680,555667,1
144401,565666,1
101722,535117,1
115781,594942,1
107160,530936,1
139978,587153,1
179931,536588,1
105353,589239,1
119496,543146,1
142575,517378,1
76661,531044,1
137699,556769,1
154964,554923,1
142516,559062,1
98525,579761,1
163925,576666,1
153326,558408,1
262846,559590,1
102898,592834,1
138349,554238,1
193502,557364,1
202175,495076,1
154162,536416,1
77875,516899,1
163477,561507,1
131874,552586,1
120357,560737,1
119535,551857,1
114108,540537,1
136059,558213,1
121786,564225,1
233105,591646,1
149760,577278,1
139237,548782,1
34795,606311,1
147663,555514,1
108512,525986,1
509279,180548,1
495165,163113,1
474652,193224,1
507786,199578,1
566666,195255,1
506012,178372,1
541435,206637,1
507311,177795,1
461701,188438,1
506069,169723,1
477155,161019,1
505044,180646,1
467697,168082,1
511868,170991,1
500225,177559,1
460616,174810,1
573755,218049,1
543616,144788,1
509804,175714,1
542311,161882,1
475944,189337,1
517750,199025,1
520952,169184,1
559076,190770,1
416763, 96639,1
549384,208450,1
549147,171454,1
520880,200955,1
484348,202813,1
487472,166999,1
504728,174541,1
465734,114090,1
570266,188032,1
505584,176135,1
514739,189624,1
500589,181466,1
504096,192493,1
553118,165472,1
502511,205121,1
551798,221411,1
502737,174437,1
513181,177419,1
513010,141058,1
535564,177248,1
514551,176526,1
450030,169537,1
521152,152439,1
505512,203857,1
509928,184873,1
490271,216725,1
529931,180136,1
508228,220433,1
534461,178056,1
508551,174306,1
545365,210090,1
510414,142485,1
507895,177445,1
506288,177990,1
512560,224816,1
454160,102568,1
437116,148591,1
519003,160741,1
509173,178051,1
507674,147431,1
513562,229098,1
473361,185066,1
517580,170329,1
509285,174620,1
510496,174308,1
438860,114065,1
534702,244239,1
504755,150226,1
474135,199330,1
508907,173787,1
509651,149290,1
490956,124550,1
499637,194036,1
515856,148316,1
482568,159010,1
522728,184704,1
493070,189771,1
483807,198925,1
469656,153741,1
470041,102049,1
576965,187481,1
515230,149567,1
469470,189347,1
484678,123623,1
509554,186931,1
480787,147737,1
523036,123677,1
508144,167733,1
515450,173220,1
489378,172861,1
497406,125809,1
514173,139330,1
520809,176718,1
499009,205823,1
509773,148899,1
505117,141877,1
494698,176711,1
501334,163002,1
502500,176532,1
546565,151576,1
520878,209094,1
486891,175164,1
512241,169240,1
569692,182365,1
491382,122267,1
457033,127590,1
535453,200970,1
436641, 55171,1
520845,176291,1
496130,178113,1
507473,227670,1
507092,175151,1
493714,173387,1
528826,154067,1
509951,176794,1
505400,160422,1
473316,162622,1
489504,146224,1
516888,152451,1
505128,175022,1
520819,181586,1
506812,167031,1
495032,203929,1
508789,174256,1
502302,210265,1
511106,122518,1
486997,164803,1
535787,199735,1
540364,163758,1
496006,191010,1
497454,172375,1
488330,173837,1
547076,156969,1
509956,141698,1
516084,178725,1
535034,172649,1
529858,213114,1
496384,166644,1
519201,139101,1
575022,213534,1
469404,181944,1
464672,193513,1
491609,180519,1
470314,178936,1
481067,172555,1
508797,176269,1
491145,206344,1
485361,169229,1
474527,107596,1
499643,171625,1
514722,190943,1
474641, 81263,1
495995,160032,1
516963,174184,1
521006,163218,1
434581,123267,1
514876,182995,1
501416,172980,1
513991,165072,1
512900,219252,1
510739,121103,1
509522,174376,1
507862,172954,1
512716,181316,1
483423,111797,1
505603,147517,1
482628,171320,1
541790,172616,1
473649,178184,1
520763,250478,1
494000,189403,1
533931,173291,1
485110,150541,1
528679,199079,1
545699,174099,1
517495,186329,1
520461,173217,1
456821,105575,1
495388,156422,1
514934,219169,1
508989,168995,1
500474,169746,1
504511,149234,1
467144,147308,1
512733,174091,1
452791,156805,1
488800,197919,1
593887,210595,1
561725,168220,1
528011,201615,1
514428,222503,1
512051,145220,1
472054,129986,1
507959,166780,1
518068,137556,1
561110,219865,1
563315,215613,1
523779,163905,1
490037,164357,1
519421,154681,1
504373,165819,1
513957,139202,1
486422,178919,1
533351,147778,1
511030,221292,1
496069,102201,1
496491,171534,1
497254,171940,1
518892,165875,1
481083,151953,1
507741,178883,1
486224,196184,1
509039,173839,1
462658, 75167,1
519680,208378,1
499676,196897,1
480876,160465,1
521032,177084,1
486034,196122,1
505225,158750,1
485968,123023,1
478442,125560,1
502355,164119,1
502915,183059,1
497211,174121,1
537174,194410,1
505293,194591,1
491442,116195,1
473202,140745,1
505079,219082,1
541455,223176,1
528938,174372,1
528094,178343,1
520759,184923,1
538994,179328,1
507832,181513,1
493897,189627,1
514408,173338,1
514391,156592,1
513362,223841,1
443618,157237,1
477746,163845,1
480571,204150,1
486326,174643,1
505384,174535,1
541220,177840,1
522869,176818,1
497255,188783,1
545240,221008,1
512291,169608,1
576158,210283,1
508099,175066,1
545455,182232,1
537836,177165,1
508597,173640,1
507445,193647,1
524397,239456,1
527753,213985,1
528766,239937,1
481356,162127,1
541498,192746,1
506142,170513,1
494574,198972,1
477901,173288,1
509223,177592,1
532010,176195,1
541006,175198,1
490355,153464,1
566524,179796,1
550216,184337,1
516085,195504,1
523796,219588,1
511118,175212,1
445043,152257,1
497582,190801,1
514622,206979,1
479631,178459,1
496476,140337,1
498389,178069,1
506361,225237,1
519396,177174,1
529409,157228,1
501111,157402,1
514219,167014,1
558307,203307,1
545957,196749,1
508080,175697,1
589900,217899,1
509383,167302,1
474516,189144,1
498730,183037,1
473093,188791,1
471328,176297,1
510901,175806,1
559809,162597,1
499272,168413,1
514981,172608,1
511289,183247,1
455460,153040,1
519962,175210,1
532549,172894,1
516128,178722,1
519113,194925,1
502877,192740,1
520782,134308,1
574369,207483,1
515494,188459,1
486870,146947,1
484395,107291,1
504243,237336,1
483776,213021,1
536623,213083,1
544539,180391,1
502002,166223,1
500801,185558,1
525670,184762,1
481841,209337,1
494317,170837,1
521153,242968,1
473933,191767,1
524502,248106,1
487952,168607,1
460133,173081,1
453261,148432,1
491792,214464,1
497815,165151,1
515348,184750,1
598908,254032,1
558478,213316,1
538228,168834,1
464634,173867,1
518675,175686,1
533566,214619,1
540196,180312,1
500360,213540,1
517882,175467,1
549642,157506,1
511368,173673,1
506815,173387,1
500192,192292,1
533775,163036,1
511484,160453,1
489062,200329,1
537514,179689,1
551867,170425,1
406184,394506,1
417996,408162,1
428667,451233,1
425386,379634,1
388202,405780,1
370955,325071,1
353749,391896,1
398629,401626,1
393402,401018,1
465599,383470,1
400257,404936,1
444610,400247,1
392046,391220,1
410506,395586,1
508805,429073,1
424782,449687,1
384467,407359,1
397399,403186,1
449683,388863,1
387756,435588,1
451753,383440,1
414448,429790,1
394599,409068,1
387330,409037,1
402109,430185,1
393825,453067,1
412111,418466,1
397213,377839,1
361159,436327,1
383075,447616,1
383832,340506,1
402227,414685,1
411957,397796,1
377408,395123,1
417231,381303,1
442915,420573,1
415394,396940,1
420792,430901,1
397791,444527,1
385804,393101,1
384572,388523,1
402069,434868,1
414997,432597,1
392919,405103,1
396150,430329,1
439145,407748,1
401240,354085,1
424228,442208,1
336023,416862,1
351352,362910,1
413549,408517,1
341775,425156,1
424811,413300,1
402677,412615,1
419118,421655,1
354601,358760,1
410682,349328,1
399020,404042,1
392258,405478,1
353941,399967,1
411471,446824,1
397158,370362,1
431117,394746,1
395246,392783,1
400468,405703,1
354094,424230,1
352429,359750,1
358830,431609,1
387039,365758,1
395013,387179,1
400545,404212,1
435067,403802,1
394436,450912,1
376444,371957,1
433463,410297,1
426625,475977,1
424241,452915,1
396520,405610,1
347638,429109,1
374797,407601,1
451670,388347,1
373684,418326,1
412615,403902,1
392428,402295,1
389868,410718,1
383022,409854,1
468350,395883,1
373339,398565,1
383878,376230,1
434815,388041,1
368864,411216,1
321050,422497,1
276794,384458,1
383197,409869,1
381340,409680,1
415521,368125,1
404288,349685,1
367922,415238,1
422056,382193,1
407334,445969,1
373917,427628,1
422261,374345,1
392728,411341,1
336585,420977,1
401730,354294,1
401854,402867,1
401330,395538,1
393903,387227,1
399188,402459,1
389510,370897,1
399858,403574,1
343651,438750,1
388743,388465,1
398246,406245,1
400727,396769,1
399077,403968,1
402071,427626,1
405902,394724,1
383992,398245,1
372230,412488,1
418086,394699,1
400305,466024,1
380458,329635,1
338347,337961,1
411171,426853,1
392447,408539,1
375233,399429,1
385338,440797,1
397764,406712,1
414290,393146,1
394846,407130,1
402252,414628,1
332913,385678,1
396517,394572,1
388479,343648,1
405569,411933,1
444816,409502,1
393659,439272,1
415222,434798,1
396621,381952,1
416893,347737,1
398980,407667,1
404273,429948,1
397851,400846,1
447192,359893,1
350428,392503,1
451853,420873,1
402566,415798,1
362753,369848,1
407188,396576,1
380139,434251,1
409167,449719,1
405470,392374,1
359036,365793,1
398617,402424,1
408714,391412,1
382222,441817,1
403751,385539,1
400548,402390,1
393828,404314,1
373943,376926,1
390182,360941,1
391776,409868,1
342501,336320,1
401923,417123,1
342400,426090,1
405325,407466,1
369480,377148,1
416110,374296,1
401162,412142,1
442931,430123,1
478361,409520,1
401313,405195,1
357466,354094,1
417617,414816,1
417281,410881,1
470047,410943,1
378824,430343,1
369227,397853,1
397918,462032,1
397331,407010,1
427810,400178,1
401708,409924,1
426172,363147,1
401411,414503,1
409823,412908,1
386068,422517,1
398255,405428,1
346358,384801,1
397735,448097,1
348847,425164,1
394761,461494,1
357253,388075,1
402267,410395,1
415233,441297,1
404445,402466,1
408224,399767,1
369044,371649,1
343119,382074,1
416750,435776,1
387103,401925,1
368200,364844,1
393758,439738,1
418623,404382,1
402660,406054,1
427749,457110,1
405356,391545,1
432184,395118,1
322936,368566,1
402710,424367,1
456025,389630,1
395450,407822,1
377941,403683,1
407576,434017,1
348263,386451,1
391966,387214,1
392576,406460,1
380236,460907,1
398153,407081,1
399942,385908,1
398795,472619,1
467535,416014,1
377758,413906,1
398724,404179,1
396710,378698,1
377588,402670,1
408992,462226,1
423371,373970,1
412861,434751,1
403160,392159,1
395168,404189,1
399346,423786,1
409244,460295,1
429515,393708,1
370602,353215,1
356739,417826,1
408147,436628,1
436362,379677,1
399291,386712,1
396081,396707,1
419200,403389,1
383855,390984,1
370252,347498,1
460198,402706,1
418046,358461,1
408500,393942,1
397618,404912,1
392660,395873,1
406739,400918,1
439048,403700,1
392424,375266,1
379128,418858,1
391970,419802,1
389279,424006,1
468907,448885,1
410601,410653,1
396556,406492,1
417795,405673,1
375971,427549,1
414374,439977,1
368363,409733,1
402081,407514,1
399753,404222,1
424840,479570,1
381863,416651,1
394606,401451,1
389520,406500,1
418140,415328,1
387461,394402,1
391384,413273,1
391439,399819,1
365223,422531,1
407189,437102,1
415933,422485,1
402031,426039,1
428513,456990,1
382396,405483,1
368166,429422,1
418636,440000,1
411674,402377,1
424365,371987,1
394159,411676,1
371548,414612,1
460628,434107,1
399717,403257,1
361875,448199,1
393424,399084,1
333682,401078,1
377870,377550,1
405117,364266,1
452398,378671,1
397889,398501,1
424089,352640,1
417494,392231,1
402851,395579,1
376493,366302,1
460684,371809,1
449571,387141,1
405322,414743,1
420489,448078,1
377975,461076,1
492551,434649,1
477323,384551,1
359740,379592,1
429653,438596,1
361814,411086,1
400660,404811,1
410418,409414,1
392162,355397,1
376145,414107,1
371464,328177,1
379593,380662,1
448231,384406,1
404157,406324,1
420616,401526,1
398985,413427,1
400538,407020,1
391530,398743,1
408182,408351,1
435926,408504,1
411090,435389,1
398311,383357,1
409291,431539,1
399460,399410,1
400473,408327,1
399693,395271,1
431437,436764,1
312123,419763,1
411053,432808,1
401616,404245,1
364455,436191,1
407833,402474,1
367864,442851,1
437870,375761,1
308726,371721,1
418996,389541,1
371498,393120,1
407429,399155,1
380749,403860,1
399997,411205,1
377215,418429,1
380202,396671,1
436034,385951,1
395210,357805,1
415136,446807,1
315013,318367,1
372424,413163,1
340966,420480,1
354767,417464,1
387165,404027,1
854654,549222,1
889260,541423,1
870826,524625,1
868025,569296,1
861364,598127,1
825141,535997,1
906640,587296,1
906396,535803,1
887896,558572,1
817776,525600,1
844066,546029,1
848976,558706,1
897131,604582,1
845120,549830,1
872241,556733,1
857818,534525,1
794265,594573,1
857126,548151,1
842786,614034,1
889975,589361,1
841130,529745,1
813561,583156,1
855603,542414,1
887556,531797,1
837032,509264,1
852037,649724,1
793791,581315,1
904450,533427,1
879722,550246,1
839088,528460,1
869369,536868,1
871873,509094,1
900991,497149,1
919544,541255,1
860520,544023,1
863042,557890,1
889805,522039,1
879031,489881,1
852918,552112,1
903840,586229,1
932662,537069,1
908506,549611,1
867533,542290,1
844617,499013,1
862002,534006,1
883981,607581,1
864265,549505,1
883062,547498,1
860870,546516,1
895565,501871,1
843344,604964,1
864059,545894,1
830888,544022,1
858819,544904,1
853562,531620,1
873791,606643,1
859213,538040,1
841843,503359,1
842719,506205,1
847904,574114,1
863859,546898,1
888919,535805,1
855045,547633,1
863102,545783,1
829747,530312,1
850607,565348,1
810277,520837,1
879104,595389,1
840406,538772,1
838367,536676,1
837457,518745,1
861519,531277,1
816056,542574,1
862534,547936,1
808555,600511,1
862571,550965,1
832010,554080,1
882403,534710,1
840020,568424,1
865030,541150,1
846594,522941,1
890223,556874,1
873136,513309,1
846622,553552,1
905770,531812,1
803216,577565,1
914183,620056,1
877510,555087,1
861193,573954,1
840994,578455,1
875640,561262,1
876782,536438,1
849501,552769,1
866973,550375,1
906382,534459,1
822722,553764,1
861656,545794,1
856991,546255,1
865081,551012,1
895680,609341,1
867801,548156,1
846324,557586,1
840059,534876,1
860473,545982,1
937823,540173,1
886532,500026,1
904133,534915,1
880545,506175,1
833499,504718,1
854979,539793,1
818739,545052,1
825596,639465,1
838036,542999,1
846216,528037,1
850790,525740,1
864040,538985,1
869818,543227,1
879309,561548,1
860563,534839,1
846082,541026,1
860151,543055,1
847292,559228,1
838239,576018,1
837307,548214,1
853093,586321,1
884326,479802,1
838978,622330,1
842903,567914,1
832490,450680,1
844948,563321,1
859577,544625,1
908409,591215,1
819843,570485,1
875625,599766,1
887780,536497,1
884613,507507,1
849858,524682,1
846741,539481,1
870630,516603,1
843111,581603,1
869718,536928,1
857648,511640,1
881571,532467,1
860230,528054,1
861966,562885,1
898736,548642,1
961951,577029,1
866878,501919,1
874791,559085,1
874239,594786,1
915504,527751,1
758172,608152,1
859515,505303,1
861033,507671,1
837880,444574,1
827672,545966,1
869960,562146,1
858151,548242,1
877440,529137,1
821835,564313,1
846371,578530,1
829482,475863,1
860507,526669,1
878696,530134,1
837312,572687,1
886773,509047,1
879805,547494,1
859679,541785,1
910683,612854,1
860863,546060,1
874110,541972,1
790149,565157,1
873984,580836,1
873742,448214,1
894785,440382,1
874312,574582,1
879902,518647,1
851462,526597,1
839012,550376,1
808097,502521,1
879500,590791,1
864721,548447,1
866044,584750,1
876151,582116,1
819250,517655,1
807278,566392,1
872033,558924,1
894268,532597,1
846752,613846,1
850478,566230,1
849777,531138,1
823584,568458,1
823202,619103,1
843715,568319,1
861023,545953,1
889743,560547,1
862785,579661,1
880833,537039,1
854374,550707,1
842616,515205,1
860721,547751,1
831024,505776,1
829240,591428,1
860384,555572,1
853348,525893,1
849118,571562,1
856167,542249,1
853874,560250,1
838808,524944,1
814561,575281,1
773292,531652,1
891515,520429,1
805884,549492,1
833437,556713,1
843432,490725,1
791355,529644,1
865157,562132,1
920249,551171,1
808777,512952,1
898916,630099,1
863706,491401,1
857231,551055,1
877413,541536,1
838821,563842,1
854037,528890,1
824475,518063,1
857360,562228,1
856437,532452,1
862117,600081,1
839280,539324,1
885379,603686,1
859185,553000,1
865020,550686,1
882007,593653,1
861027,546004,1
846772,509036,1
844627,556401,1
861069,548327,1
854342,541611,1
844086,531300,1
923996,594948,1
832154,559403,1
803202,549001,1
856619,544008,1
897286,558004,1
851216,516166,1
858537,548576,1
828001,524067,1
849327,548496,1
858278,544519,1
793875,473793,1
766617,548142,1
847728,576707,1
858418,546935,1
816840,539239,1
852687,540692,1
861927,562723,1
892382,513991,1
811745,461099,1
800152,576217,1
870139,566584,1
859492,572224,1
830226,483466,1
850674,533083,1
834632,541216,1
899052,526048,1
925485,596955,1
893145,551400,1
839493,521150,1
883434,581923,1
873380,495161,1
765011,607246,1
898578,612291,1
906772,510158,1
858325,586062,1
795909,462864,1
812634,554848,1
846841,533595,1
810817,509540,1
826192,577784,1
856552,545271,1
848628,503773,1
784291,581417,1
890613,567037,1
870936,575427,1
851166,532382,1
871544,592403,1
870337,534303,1
819580,545900,1
912649,498734,1
870214,556246,1
853279,560714,1
857319,543529,1
878519,606677,1
858057,542933,1
860375,544804,1
888111,525539,1
892877,544283,1
788776,582930,1
875311,542259,1
875248,462524,1
835831,555864,1
885828,586348,1
916704,609548,1
893991,544467,1
866352,535933,1
872247,494281,1
832372,600070,1
902302,514170,1
877298,565604,1
873636,510687,1
854818,554389,1
915666,506439,1
905849,524809,1
862062,545736,1
871981,649086,1
900829,590250,1
859419,546754,1
855983,534803,1
916082,517633,1
874877,535143,1
885963,528959,1
853439,518568,1
855177,626376,1
814249,488483,1
857283,548467,1
865489,548920,1
913686,576892,1
880275,564545,1
861381,546835,1
880958,588608,1
868979,528502,1
872237,555834,1
861868,549168,1
836951,546244,1
836874,555991,1
769546,554722,1
855074,542557,1
868128,568529,1
878859,540155,1
852267,498220,1
874125,543036,1
846646,548548,1
851517,541076,1
806888,492319,1
831779,577161,1
860259,545444,1
892423,530999,1
838442,506780,1
853291,557685,1
730887,825972,1
645233,927201,1
645563,819480,1
573324,878802,1
693699,822637,1
649412,856993,1
684558,878573,1
656658,854609,1
651506,856097,1
618405,842859,1
667280,765619,1
600996,890782,1
674463,862486,1
676694,851597,1
620685,880813,1
716590,874975,1
721401,951880,1
657094,857640,1
644693,867371,1
633601,861482,1
673646,857346,1
657184,855509,1
708244,871834,1
659081,860560,1
657811,885904,1
642843,909185,1
709303,897538,1
610505,851476,1
612648,772280,1
673196,812941,1
673267,883727,1
694451,863981,1
678869,902492,1
690018,819280,1
677983,890077,1
639997,865965,1
709254,847444,1
679799,858680,1
664355,831472,1
659166,861665,1
692386,863386,1
688076,833905,1
680506,840053,1
641840,886745,1
673292,857105,1
622212,860015,1
736557,897961,1
668234,886696,1
675013,876331,1
675902,853961,1
695092,820091,1
730287,897070,1
691716,873426,1
722404,952207,1
678606,878004,1
664156,846474,1
688118,911574,1
674492,861230,1
675382,836312,1
664639,925795,1
626334,852383,1
669690,842110,1
653177,819935,1
674265,861435,1
677404,883871,1
672212,860894,1
715956,900724,1
674236,877152,1
679818,860064,1
578509,923881,1
680381,823757,1
720629,816515,1
640210,902029,1
671772,860357,1
618009,867493,1
672628,882986,1
680261,863401,1
682100,853708,1
681049,846975,1
668567,856554,1
656957,871011,1
662293,872590,1
673953,835926,1
718544,888401,1
648590,917839,1
699124,824089,1
668367,855686,1
675866,868784,1
700098,894685,1
683156,877209,1
661357,801817,1
789095,895634,1
673332,857517,1
627452,835854,1
672059,860501,1
665048,854911,1
683580,872374,1
668839,882598,1
682510,905902,1
671235,856653,1
680228,843225,1
662249,918050,1
674961,865594,1
679211,886670,1
676220,858214,1
567861,856582,1
668228,858122,1
682241,850176,1
712262,856869,1
671325,856592,1
680592,858526,1
683098,847245,1
646816,829778,1
675633,863416,1
677551,860007,1
683656,842406,1
678195,860537,1
700747,821557,1
679054,898217,1
676360,866112,1
665308,868551,1
665775,845662,1
660459,860658,1
670119,859029,1
672068,874862,1
644301,925034,1
704574,866263,1
665660,828338,1
680579,836946,1
682053,853410,1
672544,859978,1
713088,880834,1
680969,838864,1
674151,853540,1
664903,839150,1
641902,755287,1
683610,910782,1
676962,897430,1
594720,848457,1
658748,777680,1
700341,869730,1
640432,837036,1
668519,860048,1
672668,861428,1
638004,837697,1
673071,856021,1
668772,858570,1
636871,929410,1
599612,859210,1
739318,810528,1
654937,781879,1
663095,949045,1
658734,883214,1
647968,877873,1
682699,851115,1
684739,884934,1
667620,855461,1
616281,845406,1
697161,840318,1
679237,862389,1
664260,859029,1
674121,858589,1
700962,927047,1
723397,859761,1
648230,857418,1
677896,867053,1
680828,839011,1
680757,826912,1
673826,880137,1
694897,834591,1
683585,905984,1
671609,815681,1
669748,863109,1
674659,860894,1
659734,844127,1
656156,868643,1
653258,860766,1
684131,898331,1
666516,859837,1
655237,871554,1
653592,959882,1
659280,845579,1
646422,900526,1
627580,840406,1
604546,847329,1
631316,837043,1
705518,925936,1
662898,884734,1
718088,852181,1
666315,872311,1
710082,881600,1
674433,860605,1
685821,816579,1
678856,850293,1
669427,846395,1
687043,806921,1
657981,866945,1
676480,860779,1
704065,832648,1
669178,866011,1
693783,860206,1
683027,876064,1
670957,810768,1
674134,908464,1
637665,858741,1
664325,877878,1
664025,801796,1
672800,874378,1
685124,873363,1
674496,870664,1
684602,823981,1
677769,841641,1
651576,865180,1
650720,817440,1
674472,860330,1
673028,860593,1
683413,861559,1
669638,842011,1
674365,860819,1
687360,862438,1
662684,813662,1
673242,886958,1
674311,859933,1
595580,798572,1
636769,854047,1
685551,798742,1
663945,828490,1
717187,883275,1
706906,885612,1
675988,841317,1
671976,864630,1
669366,869654,1
651216,815098,1
676767,832479,1
657879,857942,1
665828,868934,1
674905,876286,1
640000,863831,1
672818,881943,1
634800,823669,1
658590,886551,1
639463,847461,1
625416,868848,1
672266,862875,1
723173,872525,1
688098,908495,1
673410,863889,1
679788,889464,1
615826,863168,1
598671,854219,1
753254,840123,1
669430,905798,1
726847,875488,1
648443,845340,1
674114,970756,1
675551,956849,1
677459,896720,1
634004,895206,1
653745,809028,1
682420,846881,1
666636,858686,1
682481,879399,1
656834,885944,1
718257,857481,1
672598,856928,1
693997,774817,1
612392,916853,1
671444,860206,1
671404,857240,1
689628,868984,1
704570,845515,1
652233,886054,1
705929,851313,1
682315,843851,1
667131,849230,1
707894,904500,1
649345,864613,1
629998,877765,1
659542,840985,1
621278,888326,1
682304,876841,1
679747,860939,1
663049,843538,1
672876,844123,1
689948,850548,1
696257,894819,1
629377,853726,1
658034,897179,1
696808,866039,1
699668,863774,1
669697,859388,1
606506,766728,1
672474,868765,1
697011,856357,1
708262,945359,1
653181,886417,1
674521,861127,1
729194,856897,1
663168,859429,1
644843,838626,1
672797,843231,1
680677,868629,1
614497,830844,1
646671,857872,1
679242,853941,1
665697,929571,1
749941,916922,1
602365,916673,1
684537,843821,1
694308,904062,1
731712,878998,1
667713,847241,1
730383,879136,1
689363,817577,1
728743,850843,1
683941,915579,1
722463,882675,1
670519,870010,1
683252,858182,1
669288,860515,1
675357,870850,1
673449,860643,1
687325,883004,1
603472,894573,1
669713,851017,1
693362,837786,1
605535,925341,1
687078,791051,1
672387,800443,1
683048,937776,1
713579,879202,1
571669,873544,1
695260,824882,1
702654,841548,1
601619,825604,1
564416,878492,1
703773,870419,1
674931,870112,1
673140,864863,1
681053,892766,1
683321,873932,1
701017,931252,1
645677,814395,1
677362,853471,1
659046,930099,1
665426,853940,1
691827,863963,1
650661,861267,1
599647,858702,1
684091,842566,1
